epoch:0 0.0013  0.0050  0.0003  0.0000  0.0012  0.0020  0.0062  0.0161  0.0244  0.0038  0.0134  0.0328  0.9165  0.010000
epoch:1 0.0148  0.0544  0.0033  0.0044  0.0124  0.0167  0.0300  0.0697  0.0791  0.0273  0.0501  0.0856  0.6354  0.010000
